Message ID; Time; Generation Time; Station ID; Position Latitude; Position Longitude; Speed; Heading;
-----------------------------------------------------------------------------------------------------
496; 1629623121.847712000; 556707926815073; 1210254534; 499401145; 84526105; 0.0; unknown;
497; 1629623122.844911000; 556707927815091; 1210254534; 499401145; 84526105; 0.0; unknown;
498; 1629623123.852911000; 556707928815077; 1210254534; 499401145; 84526105; 0.0; unknown;
499; 1629623124.845253000; 556707929815089; 1210254534; 499401145; 84526105; 0.0; unknown;
500; 1629623125.849885000; 556707930815108; 1210254534; 499401145; 84526105; 0.0; unknown;
501; 1629623126.844681000; 556707931815107; 1210254534; 499401144; 84526105; 0.0; unknown;
502; 1629623127.846684000; 556707932815102; 1210254534; 499401145; 84526105; 0.0; unknown;
503; 1629623128.842869000; 556707933815089; 1210254534; 499401144; 84526105; 0.0; unknown;
504; 1629623129.851733000; 556707934815087; 1210254534; 499401144; 84526105; 0.0; unknown;
505; 1629623130.851823000; 556707935815070; 1210254534; 499401144; 84526105; 0.0; unknown;
506; 1629623131.843138000; 556707936815072; 1210254534; 499401144; 84526105; 0.0; unknown;
507; 1629623132.848089000; 556707937815090; 1210254534; 499401144; 84526105; 0.0; unknown;
508; 1629623133.848191000; 556707938815093; 1210254534; 499401144; 84526105; 0.0; unknown;
509; 1629623134.845370000; 556707939815082; 1210254534; 499401144; 84526105; 0.0; unknown;
510; 1629623135.843519000; 556707940815088; 1210254534; 499401144; 84526105; 0.0; unknown;
511; 1629623136.848480000; 556707941815097; 1210254534; 499401144; 84526105; 0.0; unknown;
512; 1629623137.852487000; 556707942815084; 1210254534; 499401144; 84526105; 0.0; unknown;
513; 1629623138.845772000; 556707943815095; 1210254534; 499401144; 84526105; 0.0; unknown;
514; 1629623139.842945000; 556707944815134; 1210254534; 499401144; 84526105; 0.0; unknown;
515; 1629623140.845943000; 556707945815084; 1210254534; 499401144; 84526105; 0.0; unknown;
516; 1629623141.849990000; 556707946815099; 1210254534; 499401144; 84526105; 0.0; unknown;
517; 1629623142.848218000; 556707947815091; 1210254534; 499401144; 84526105; 0.0; unknown;
518; 1629623143.845450000; 556707948815102; 1210254534; 499401144; 84526105; 0.0; unknown;
519; 1629623144.851459000; 556707949815102; 1210254534; 499401144; 84526105; 0.0; unknown;
520; 1629623145.850640000; 556707950815104; 1210254534; 499401144; 84526105; 0.0; unknown;
521; 1629623146.847840000; 556707951815100; 1210254534; 499401144; 84526105; 0.0; unknown;
522; 1629623147.842109000; 556707952815087; 1210254534; 499401144; 84526105; 0.0; unknown;
523; 1629623148.846124000; 556707953815096; 1210254534; 499401144; 84526105; 0.0; unknown;
524; 1629623149.840614000; 556707954815101; 1210254534; 499401144; 84526105; 0.0; unknown;
525; 1629623150.847966000; 556707955815088; 1210254534; 499401144; 84526105; 0.0; unknown;
526; 1629623151.848304000; 556707956815105; 1210254534; 499401144; 84526105; 0.0; unknown;
527; 1629623152.845482000; 556707957815101; 1210254534; 499401144; 84526105; 0.0; unknown;
528; 1629623153.847615000; 556707958815095; 1210254534; 499401144; 84526105; 0.0; unknown;
529; 1629623154.850712000; 556707959815094; 1210254534; 499401144; 84526105; 0.0; unknown;
530; 1629623155.844092000; 556707960815102; 1210254534; 499401144; 84526105; 0.0; unknown;
531; 1629623156.851119000; 556707961815136; 1210254534; 499401144; 84526105; 0.0; unknown;
532; 1629623157.850352000; 556707962815107; 1210254534; 499401144; 84526105; 0.0; unknown;
533; 1629623158.856424000; 556707963815099; 1210254534; 499401144; 84526105; 0.0; unknown;
534; 1629623159.855639000; 556707964815074; 1210254534; 499401144; 84526105; 0.0; unknown;
535; 1629623160.847048000; 556707965815094; 1210254534; 499401144; 84526105; 0.0; unknown;
536; 1629623161.847194000; 556707966815109; 1210254534; 499401144; 84526105; 0.0; unknown;
537; 1629623162.854045000; 556707967815072; 1210254534; 499401144; 84526105; 0.0; unknown;
538; 1629623163.851152000; 556707968815092; 1210254534; 499401144; 84526105; 0.0; unknown;
539; 1629623164.858013000; 556707969815124; 1210254534; 499401144; 84526105; 0.0; unknown;
540; 1629623165.844476000; 556707970815073; 1210254534; 499401144; 84526105; 0.0; unknown;
541; 1629623166.847502000; 556707971815070; 1210254534; 499401144; 84526105; 0.0; unknown;
542; 1629623167.845724000; 556707972815071; 1210254534; 499401281; 84526170; 0.0; unknown;
543; 1629623168.844877000; 556707973815082; 1210254534; 499401284; 84526171; 0.0; unknown;
544; 1629623169.852811000; 556707974815090; 1210254534; 499401284; 84526171; 0.0; unknown;
545; 1629623170.851954000; 556707975815110; 1210254534; 499401283; 84526171; 0.0; unknown;
546; 1629623171.843243000; 556707976815080; 1210254534; 499401283; 84526171; 0.0; unknown;
547; 1629623172.846256000; 556707977815098; 1210254534; 499401283; 84526171; 0.0; unknown;
548; 1629623173.848311000; 556707978815112; 1210254534; 499401283; 84526171; 0.0; unknown;
549; 1629623174.844550000; 556707979815085; 1210254534; 499401283; 84526171; 0.0; unknown;
550; 1629623175.845673000; 556707980815071; 1210254534; 499401276; 84526186; 0.0; unknown;
551; 1629623176.848706000; 556707981815099; 1210254534; 499401273; 84526175; 0.0; unknown;
552; 1629623177.845879000; 556707982815098; 1210254534; 499401271; 84526181; 0.0; unknown;
553; 1629623178.845813000; 556707983815090; 1210254534; 499401271; 84526181; 0.0; unknown;
554; 1629623179.853537000; 556707984815094; 1210254534; 499401271; 84526181; 0.0; unknown;
555; 1629623180.849567000; 556707985815091; 1210254534; 499401271; 84526181; 0.0; unknown;
556; 1629623181.854562000; 556707986815092; 1210254534; 499401270; 84526181; 0.0; unknown;
557; 1629623182.845910000; 556707987815093; 1210254534; 499401270; 84526181; 0.0; unknown;
558; 1629623183.846025000; 556707988815101; 1210254534; 499401270; 84526182; 0.0; unknown;
559; 1629623184.844170000; 556707989815088; 1210254534; 499401270; 84526181; 0.0; unknown;
560; 1629623185.851127000; 556707990815096; 1210254534; 499401270; 84526181; 0.0; unknown;
561; 1629623186.843438000; 556707991815109; 1210254534; 499401270; 84526181; 0.0; unknown;
562; 1629623187.856230000; 556707992815098; 1210254534; 499401270; 84526182; 0.0; unknown;
563; 1629623188.848532000; 556707993815107; 1210254534; 499401270; 84526182; 0.0; unknown;
564; 1629623189.855432000; 556707994815112; 1210254534; 499401270; 84526182; 0.0; unknown;
565; 1629623190.844699000; 556707995815100; 1210254534; 499401270; 84526182; 0.0; unknown;
566; 1629623191.847256000; 556707996815170; 1210254534; 499401270; 84526182; 0.0; unknown;
567; 1629623192.848506000; 556707997815107; 1210254534; 499401270; 84526182; 0.0; unknown;
568; 1629623193.849511000; 556707998815112; 1210254534; 499401270; 84526182; 0.0; unknown;
569; 1629623194.849624000; 556707999815124; 1210254534; 499401269; 84526182; 0.0; unknown;
570; 1629623195.845821000; 556708000815084; 1210254534; 499401269; 84526182; 0.0; unknown;
571; 1629623196.851781000; 556708001815108; 1210254534; 499401269; 84526182; 0.0; unknown;
572; 1629623197.846035000; 556708002815100; 1210254534; 499401269; 84526182; 0.0; unknown;
573; 1629623198.846145000; 556708003815090; 1210254534; 499401270; 84526182; 0.0; unknown;
574; 1629623199.843289000; 556708004815021; 1210254534; 499401270; 84526182; 0.0; unknown;
575; 1629623200.850219000; 556708005815080; 1210254534; 499401270; 84526182; 0.0; unknown;
576; 1629623201.854184000; 556708006815028; 1210254534; 499401270; 84526182; 0.0; unknown;
577; 1629623202.842552000; 556708007814972; 1210254534; 499401270; 84526182; 0.0; unknown;
578; 1629623203.851319000; 556708008815089; 1210254534; 499401270; 84526182; 0.0; unknown;
579; 1629623204.849388000; 556708009815080; 1210254534; 499401270; 84526182; 0.0; unknown;
580; 1629623205.845505000; 556708010815092; 1210254534; 499401270; 84526182; 0.0; unknown;
581; 1629623206.844631000; 556708011814944; 1210254534; 499401270; 84526182; 0.0; unknown;
582; 1629623207.843719000; 556708012815075; 1210254534; 499401270; 84526182; 0.0; unknown;
583; 1629623208.844760000; 556708013815113; 1210254534; 499401270; 84526182; 0.0; unknown;
584; 1629623209.849747000; 556708014814842; 1210254534; 499401270; 84526182; 0.0; unknown;
585; 1629623210.849869000; 556708015815094; 1210254534; 499401270; 84526183; 0.0; unknown;
586; 1629623211.855795000; 556708016815116; 1210254534; 499401270; 84526183; 0.0; unknown;
587; 1629623212.845160000; 556708017814957; 1210254534; 499401270; 84526183; 0.0; unknown;
588; 1629623213.843318000; 556708018815094; 1210254534; 499401270; 84526183; 0.0; unknown;
589; 1629623214.846316000; 556708019815096; 1210254534; 499401270; 84526184; 0.0; unknown;
590; 1629623215.846097000; 556708020815097; 1210254534; 499401270; 84526184; 0.0; unknown;
591; 1629623216.847481000; 556708021815139; 1210254534; 499401271; 84526184; 0.0; unknown;
592; 1629623217.852458000; 556708022815108; 1210254534; 499401271; 84526185; 0.0; unknown;
593; 1629623218.847692000; 556708023815086; 1210254534; 499401271; 84526185; 0.0; unknown;
594; 1629623219.845814000; 556708024815143; 1210254534; 499401272; 84526186; 0.0; unknown;
595; 1629623220.844932000; 556708025814982; 1210254534; 499401272; 84526186; 0.0; unknown;
596; 1629623221.844059000; 556708026815564; 1210254534; 499401272; 84526186; 0.0; unknown;
597; 1629623222.849992000; 556708027815510; 1210254534; 499401272; 84526186; 0.0; unknown;
598; 1629623223.850098000; 556708028815503; 1210254534; 499401272; 84526187; 0.0; unknown;
599; 1629623224.853114000; 556708029814990; 1210254534; 499401273; 84526187; 0.0; unknown;
600; 1629623225.847386000; 556708030815514; 1210254534; 499401273; 84526187; 0.0; unknown;
630; 1629623255.848616000; 556708060815088; 1210254534; 499401273; 84526208; 0.0; unknown;
631; 1629623256.846703000; 556708061815102; 1210254534; 499401273; 84526209; 0.0; unknown;
632; 1629623257.853610000; 556708062814947; 1210254534; 499401273; 84526209; 0.0; unknown;
633; 1629623258.843978000; 556708063815657; 1210254534; 499401273; 84526210; 0.0; unknown;
634; 1629623259.848919000; 556708064814829; 1210254534; 499401273; 84526210; 0.0; unknown;
635; 1629623260.855858000; 556708065815108; 1210254534; 499401273; 84526212; 0.0; unknown;
636; 1629623261.847164000; 556708066815117; 1210254534; 499401273; 84526212; 0.0; unknown;
637; 1629623262.841397000; 556708067815112; 1210254534; 499401273; 84526213; 0.0; unknown;
638; 1629623263.845397000; 556708068815099; 1210254534; 499401273; 84526213; 0.0; unknown;
639; 1629623264.853337000; 556708069815113; 1210254534; 499401273; 84526214; 0.0; unknown;
640; 1629623265.847571000; 556708070815090; 1210254534; 499401273; 84526214; 0.0; unknown;
641; 1629623266.850603000; 556708071815135; 1210254534; 499401274; 84526214; 0.0; unknown;
642; 1629623267.847805000; 556708072815094; 1210254534; 499401274; 84526215; 0.0; unknown;
643; 1629623268.846911000; 556708073815110; 1210254534; 499401274; 84526215; 0.0; unknown;
644; 1629623269.843108000; 556708074815102; 1210254534; 499401274; 84526216; 0.0; unknown;
645; 1629623270.847111000; 556708075815090; 1210254534; 499401275; 84526216; 0.0; unknown;
646; 1629623271.851139000; 556708076815110; 1210254534; 499401275; 84526216; 0.0; unknown;
647; 1629623272.854186000; 556708077815103; 1210254534; 499401275; 84526216; 0.0; unknown;
648; 1629623273.844562000; 556708078815118; 1210254534; 499401276; 84526216; 0.0; unknown;
649; 1629623274.848555000; 556708079815111; 1210254534; 499401276; 84526216; 0.0; unknown;
650; 1629623275.850622000; 556708080815116; 1210254534; 499401276; 84526217; 0.0; unknown;
651; 1629623276.843880000; 556708081815101; 1210254534; 499401277; 84526217; 0.0; unknown;
652; 1629623277.848847000; 556708082815103; 1210254534; 499401277; 84526218; 0.0; unknown;
653; 1629623278.842129000; 556708083815114; 1210254534; 499401277; 84526218; 0.0; unknown;
654; 1629623279.847099000; 556708084815119; 1210254534; 499401277; 84526218; 0.0; unknown;
655; 1629623280.847230000; 556708085815104; 1210254534; 499401278; 84526218; 0.0; unknown;
656; 1629623281.846338000; 556708086815105; 1210254534; 499401278; 84526218; 0.0; unknown;
657; 1629623282.845470000; 556708087815107; 1210254534; 499401278; 84526219; 0.0; unknown;
658; 1629623283.851413000; 556708088815112; 1210254534; 499401278; 84526219; 0.0; unknown;
659; 1629623284.853466000; 556708089815118; 1210254534; 499401279; 84526219; 0.0; unknown;
660; 1629623285.839904000; 556708090814856; 1210254534; 499401279; 84526219; 0.0; unknown;
661; 1629623286.842924000; 556708091815269; 1210254534; 499401279; 84526220; 0.0; unknown;
662; 1629623287.845214000; 556708092815100; 1210254534; 499401280; 84526220; 0.0; unknown;
663; 1629623288.842159000; 556708093814825; 1210254534; 499401280; 84526220; 0.0; unknown;
664; 1629623289.845158000; 556708094815021; 1210254534; 499401280; 84526221; 0.0; unknown;
665; 1629623290.853101000; 556708095815096; 1210254534; 499401280; 84526221; 0.0; unknown;
666; 1629623291.852240000; 556708096814995; 1210254534; 499401281; 84526222; 0.0; unknown;
667; 1629623292.849410000; 556708097815119; 1210254534; 499401281; 84526222; 0.0; unknown;
668; 1629623293.850519000; 556708098815108; 1210254534; 499401281; 84526223; 0.0; unknown;
669; 1629623294.853523000; 556708099815112; 1210254534; 499401282; 84526223; 0.0; unknown;
670; 1629623295.844858000; 556708100815132; 1210254534; 499401282; 84526224; 0.0; unknown;
671; 1629623296.846912000; 556708101815128; 1210254534; 499401283; 84526224; 0.0; unknown;
672; 1629623297.845077000; 556708102815121; 1210254534; 499401283; 84526224; 0.0; unknown;
673; 1629623298.853975000; 556708103815111; 1210254534; 499401284; 84526224; 0.0; unknown;
674; 1629623299.849217000; 556708104815135; 1210254534; 499401284; 84526225; 0.0; unknown;
675; 1629623300.850312000; 556708105815110; 1210254534; 499401285; 84526225; 0.0; unknown;
676; 1629623301.847518000; 556708106815122; 1210254534; 499401285; 84526226; 0.0; unknown;
677; 1629623302.844703000; 556708107815027; 1210254534; 499401285; 84526226; 0.0; unknown;
678; 1629623303.841884000; 556708108815086; 1210254534; 499401286; 84526227; 0.0; unknown;
679; 1629623304.841959000; 556708109815084; 1210254534; 499401286; 84526228; 0.0; unknown;
680; 1629623305.846954000; 556708110815114; 1210254534; 499401286; 84526228; 0.0; unknown;
681; 1629623306.844117000; 556708111815158; 1210254534; 499401287; 84526229; 0.0; unknown;
682; 1629623307.848120000; 556708112815093; 1210254534; 499401287; 84526229; 0.0; unknown;
683; 1629623308.844326000; 556708113815100; 1210254534; 499401287; 84526230; 0.0; unknown;
684; 1629623309.853210000; 556708114815109; 1210254534; 499401287; 84526230; 0.0; unknown;
685; 1629623310.856239000; 556708115815149; 1210254534; 499401288; 84526231; 0.0; unknown;
686; 1629623311.845601000; 556708116815101; 1210254534; 499401288; 84526231; 0.0; unknown;
687; 1629623312.838880000; 556708117814834; 1210254534; 499401288; 84526232; 0.0; unknown;
688; 1629623313.846784000; 556708118815579; 1210254534; 499401289; 84526232; 0.0; unknown;
689; 1629623314.841211000; 556708119815094; 1210254534; 499401289; 84526232; 0.0; unknown;
690; 1629623315.847969000; 556708120815576; 1210254534; 499401290; 84526232; 0.0; unknown;
691; 1629623316.851990000; 556708121815112; 1210254534; 499401290; 84526232; 0.0; unknown;
692; 1629623317.851120000; 556708122815106; 1210254534; 499401290; 84526233; 0.0; unknown;
693; 1629623318.855104000; 556708123815103; 1210254534; 499401291; 84526233; 0.0; unknown;
694; 1629623319.855222000; 556708124815103; 1210254534; 499401291; 84526233; 0.0; unknown;
737; 1629623362.855787000; 556708167815154; 1210254534; 499401284; 84526229; 0.0; unknown;
739; 1629623364.851171000; 556708169815114; 1210254534; 499401282; 84526230; 0.0; unknown;
740; 1629623365.854197000; 556708170815576; 1210254534; 499401282; 84526230; 0.0; unknown;
741; 1629623366.853372000; 556708171814829; 1210254534; 499401281; 84526231; 0.0; unknown;
742; 1629623367.845677000; 556708172814990; 1210254534; 499401280; 84526231; 0.0; unknown;
743; 1629623368.844795000; 556708173815110; 1210254534; 499401280; 84526231; 0.0; unknown;
744; 1629623369.847837000; 556708174815110; 1210254534; 499401280; 84526232; 0.0; unknown;
745; 1629623370.847008000; 556708175814838; 1210254534; 499401279; 84526232; 0.0; unknown;
746; 1629623371.851983000; 556708176815076; 1210254534; 499401279; 84526232; 0.0; unknown;
747; 1629623372.855058000; 556708177815104; 1210254534; 499401278; 84526233; 0.0; unknown;
748; 1629623373.849005000; 556708178815113; 1210254534; 499401278; 84526233; 0.0; unknown;
749; 1629623374.846509000; 556708179815116; 1210254534; 499401278; 84526234; 0.0; unknown;
750; 1629623375.851464000; 556708180815101; 1210254534; 499401277; 84526234; 0.0; unknown;
751; 1629623376.844658000; 556708181815069; 1210254534; 499401277; 84526235; 0.0; unknown;
752; 1629623377.844720000; 556708182815098; 1210254534; 499401277; 84526235; 0.0; unknown;
753; 1629623378.848629000; 556708183815091; 1210254534; 499401277; 84526236; 0.0; unknown;
754; 1629623379.855585000; 556708184815069; 1210254534; 499401277; 84526236; 0.0; unknown;
755; 1629623380.850826000; 556708185815018; 1210254534; 499401277; 84526236; 0.0; unknown;
756; 1629623381.844106000; 556708186815064; 1210254534; 499401276; 84526237; 0.0; unknown;
757; 1629623382.844219000; 556708187815056; 1210254534; 499401276; 84526237; 0.0; unknown;
758; 1629623383.848202000; 556708188815064; 1210254534; 499401276; 84526238; 0.0; unknown;
759; 1629623384.854192000; 556708189815020; 1210254534; 499401276; 84526238; 0.0; unknown;
760; 1629623385.856252000; 556708190815018; 1210254534; 499401276; 84526238; 0.0; unknown;
761; 1629623386.849568000; 556708191815020; 1210254534; 499401276; 84526238; 0.0; unknown;
762; 1629623387.847725000; 556708192815027; 1210254534; 499401276; 84526238; 0.0; unknown;
763; 1629623388.852696000; 556708193815066; 1210254534; 499401276; 84526238; 0.0; unknown;
764; 1629623389.846974000; 556708194815026; 1210254534; 499401275; 84526238; 0.0; unknown;
765; 1629623390.847076000; 556708195815024; 1210254534; 499401275; 84526239; 0.0; unknown;
766; 1629623391.846212000; 556708196815025; 1210254534; 499401275; 84526239; 0.0; unknown;
767; 1629623392.853092000; 556708197815095; 1210254534; 499401275; 84526239; 0.0; unknown;
768; 1629623393.854127000; 556708198815118; 1210254534; 499401275; 84526239; 0.0; unknown;
769; 1629623394.841469000; 556708199814841; 1210254534; 499401275; 84526239; 0.0; unknown;
770; 1629623395.855219000; 556708200815085; 1210254534; 499401275; 84526239; 0.0; unknown;
771; 1629623396.845538000; 556708201815086; 1210254534; 499401274; 84526240; 0.0; unknown;
772; 1629623397.844675000; 556708202815084; 1210254534; 499401274; 84526240; 0.0; unknown;
773; 1629623398.845723000; 556708203815114; 1210254534; 499401274; 84526240; 0.0; unknown;
774; 1629623399.848507000; 556708204814997; 1210254534; 499401274; 84526240; 0.0; unknown;
775; 1629623400.843982000; 556708205814994; 1210254534; 499401274; 84526240; 0.0; unknown;
776; 1629623401.849939000; 556708206815100; 1210254534; 499401274; 84526241; 0.0; unknown;
777; 1629623402.844162000; 556708207815123; 1210254534; 499401274; 84526241; 0.0; unknown;
778; 1629623403.853045000; 556708208815100; 1210254534; 499401274; 84526241; 0.0; unknown;
779; 1629623404.849248000; 556708209815102; 1210254534; 499401274; 84526241; 0.0; unknown;
780; 1629623405.851272000; 556708210815099; 1210254534; 499401274; 84526241; 0.0; unknown;
781; 1629623406.847194000; 556708211815113; 1210254534; 499401274; 84526241; 0.0; unknown;
782; 1629623407.842414000; 556708212815090; 1210254534; 499401274; 84526241; 0.0; unknown;
783; 1629623408.846742000; 556708213815112; 1210254534; 499401274; 84526242; 0.0; unknown;
784; 1629623409.849777000; 556708214815026; 1210254534; 499401273; 84526242; 0.0; unknown;
785; 1629623410.842737000; 556708215815077; 1210254534; 499401273; 84526242; 0.0; unknown;
786; 1629623411.845777000; 556708216815083; 1210254534; 499401273; 84526242; 0.0; unknown;
787; 1629623412.850093000; 556708217815072; 1210254534; 499401273; 84526242; 0.0; unknown;
788; 1629623413.846287000; 556708218815071; 1210254534; 499401273; 84526242; 0.0; unknown;
789; 1629623414.850303000; 556708219815092; 1210254534; 499401273; 84526242; 0.0; unknown;
790; 1629623415.845549000; 556708220815087; 1210254534; 499401273; 84526243; 0.0; unknown;
791; 1629623416.849533000; 556708221814827; 1210254534; 499401273; 84526243; 0.0; unknown;
792; 1629623417.854517000; 556708222815554; 1210254534; 499401273; 84526243; 0.0; unknown;
793; 1629623418.842912000; 556708223815074; 1210254534; 499401273; 84526243; 0.0; unknown;
794; 1629623419.853750000; 556708224815079; 1210254534; 499401273; 84526243; 0.0; unknown;
795; 1629623420.844092000; 556708225815088; 1210254534; 499401273; 84526244; 0.0; unknown;
848; 1629623473.853543000; 556708278814969; 1210254534; 499401230; 84526227; 0.0; unknown;
849; 1629623474.856525000; 556708279815089; 1210254534; 499401230; 84526227; 0.0; unknown;
850; 1629623475.855652000; 556708280815080; 1210254534; 499401230; 84526227; 0.0; unknown;
851; 1629623476.841114000; 556708281815095; 1210254534; 499401230; 84526227; 0.0; unknown;
852; 1629623477.848050000; 556708282814968; 1210254534; 499401230; 84526227; 0.0; unknown;
853; 1629623478.849795000; 556708283815096; 1210254534; 499401231; 84526227; 0.0; unknown;
854; 1629623479.852157000; 556708284815110; 1210254534; 499401231; 84526227; 0.0; unknown;
855; 1629623480.848380000; 556708285815123; 1210254534; 499401231; 84526227; 0.0; unknown;
856; 1629623481.851358000; 556708286815104; 1210254534; 499401231; 84526227; 0.0; unknown;
857; 1629623482.852462000; 556708287815086; 1210254534; 499401231; 84526227; 0.0; unknown;
858; 1629623483.844779000; 556708288814970; 1210254534; 499401231; 84526227; 0.0; unknown;
859; 1629623484.850715000; 556708289815100; 1210254534; 499401232; 84526227; 0.0; unknown;
860; 1629623485.846622000; 556708290815103; 1210254534; 499401232; 84526227; 0.0; unknown;
861; 1629623486.841191000; 556708291815122; 1210254534; 499401232; 84526228; 0.0; unknown;
862; 1629623487.845189000; 556708292815102; 1210254534; 499401232; 84526228; 0.0; unknown;
863; 1629623488.857973000; 556708293815110; 1210254534; 499401232; 84526228; 0.0; unknown;
864; 1629623489.841527000; 556708294815115; 1210254534; 499401232; 84526228; 0.0; unknown;
865; 1629623490.844535000; 556708295815112; 1210254534; 499401232; 84526228; 0.0; unknown;
866; 1629623491.848618000; 556708296815016; 1210254534; 499401232; 84526228; 0.0; unknown;
867; 1629623492.848669000; 556708297815114; 1210254534; 499401232; 84526228; 0.0; unknown;
868; 1629623493.844867000; 556708298815062; 1210254534; 499401232; 84526228; 0.0; unknown;
869; 1629623494.848881000; 556708299815098; 1210254534; 499401232; 84526228; 0.0; unknown;
870; 1629623495.849978000; 556708300815086; 1210254534; 499401233; 84526228; 0.0; unknown;
871; 1629623496.846158000; 556708301815028; 1210254534; 499401233; 84526228; 0.0; unknown;
872; 1629623497.852136000; 556708302815023; 1210254534; 499401233; 84526228; 0.0; unknown;
873; 1629623498.854173000; 556708303815022; 1210254534; 499401233; 84526228; 0.0; unknown;
874; 1629623499.846479000; 556708304815067; 1210254534; 499401233; 84526228; 0.0; unknown;
875; 1629623500.845603000; 556708305815020; 1210254534; 499401233; 84526227; 0.0; unknown;
876; 1629623501.842778000; 556708306815097; 1210254534; 499401233; 84526227; 0.0; unknown;
877; 1629623502.845816000; 556708307814836; 1210254534; 499401233; 84526227; 0.0; unknown;
878; 1629623503.849825000; 556708308815108; 1210254534; 499401233; 84526227; 0.0; unknown;
879; 1629623504.847007000; 556708309815096; 1210254534; 499401233; 84526227; 0.0; unknown;
880; 1629623505.844195000; 556708310815102; 1210254534; 499401233; 84526227; 0.0; unknown;
881; 1629623506.853068000; 556708311814992; 1210254534; 499401233; 84526226; 0.0; unknown;
882; 1629623507.850252000; 556708312815096; 1210254534; 499401234; 84526226; 0.0; unknown;
883; 1629623508.847422000; 556708313815025; 1210254534; 499401234; 84526226; 0.0; unknown;
884; 1629623509.847525000; 556708314814837; 1210254534; 499401234; 84526226; 0.0; unknown;
885; 1629623510.844719000; 556708315814951; 1210254534; 499401234; 84526226; 0.0; unknown;
886; 1629623511.850655000; 556708316815094; 1210254534; 499401234; 84526226; 0.0; unknown;
887; 1629623512.856601000; 556708317815088; 1210254534; 499401234; 84526226; 0.0; unknown;
888; 1629623513.850869000; 556708318815115; 1210254534; 499401234; 84526226; 0.0; unknown;
889; 1629623514.844809000; 556708319815076; 1210254534; 499401234; 84526226; 0.0; unknown;
890; 1629623515.852042000; 556708320815090; 1210254534; 499401234; 84526226; 0.0; unknown;
891; 1629623516.850225000; 556708321815111; 1210254534; 499401234; 84526226; 0.0; unknown;
892; 1629623517.849349000; 556708322815060; 1210254534; 499401234; 84526226; 0.0; unknown;
893; 1629623518.850438000; 556708323815079; 1210254534; 499401234; 84526226; 0.0; unknown;
894; 1629623519.852462000; 556708324815100; 1210254534; 499401234; 84526227; 0.0; unknown;
895; 1629623520.845718000; 556708325815073; 1210254534; 499401234; 84526227; 0.0; unknown;
896; 1629623521.844887000; 556708326815113; 1210254534; 499401234; 84526227; 0.0; unknown;
897; 1629623522.844981000; 556708327815093; 1210254534; 499401234; 84526227; 0.0; unknown;
898; 1629623523.855807000; 556708328815105; 1210254534; 499401234; 84526228; 0.0; unknown;
899; 1629623524.847146000; 556708329815107; 1210254534; 499401234; 84526228; 0.0; unknown;
900; 1629623525.850168000; 556708330815019; 1210254534; 499401234; 84526228; 0.0; unknown;
901; 1629623526.847351000; 556708331815093; 1210254534; 499401235; 84526228; 0.0; unknown;
902; 1629623527.848513000; 556708332815133; 1210254534; 499401235; 84526228; 0.0; unknown;
903; 1629623528.844645000; 556708333815060; 1210254534; 499401235; 84526228; 0.0; unknown;
904; 1629623529.853529000; 556708334815092; 1210254534; 499401235; 84526228; 0.0; unknown;
905; 1629623530.843899000; 556708335815075; 1210254534; 499401235; 84526228; 0.0; unknown;
906; 1629623531.847881000; 556708336815097; 1210254534; 499401235; 84526228; 0.0; unknown;
907; 1629623532.843091000; 556708337815102; 1210254534; 499401235; 84526229; 0.0; unknown;
908; 1629623533.844213000; 556708338815112; 1210254534; 499401235; 84526229; 0.0; unknown;
909; 1629623534.847216000; 556708339815118; 1210254534; 499401235; 84526229; 0.0; unknown;
910; 1629623535.845398000; 556708340814983; 1210254534; 499401235; 84526229; 0.0; unknown;
911; 1629623536.848427000; 556708341815084; 1210254534; 499401235; 84526230; 0.0; unknown;
912; 1629623537.845608000; 556708342815104; 1210254534; 499401235; 84526230; 0.0; unknown;
913; 1629623538.851545000; 556708343814996; 1210254534; 499401235; 84526230; 0.0; unknown;
914; 1629623539.845822000; 556708344815103; 1210254534; 499401236; 84526230; 0.0; unknown;
915; 1629623540.843951000; 556708345815118; 1210254534; 499401236; 84526230; 0.0; unknown;
916; 1629623541.849910000; 556708346815081; 1210254534; 499401236; 84526230; 0.0; unknown;
917; 1629623542.849065000; 556708347815092; 1210254534; 499401236; 84526230; 0.0; unknown;
918; 1629623543.846871000; 556708348815095; 1210254534; 499401236; 84526230; 0.0; unknown;
919; 1629623544.852192000; 556708349815093; 1210254534; 499401236; 84526230; 0.0; unknown;
920; 1629623545.844499000; 556708350815022; 1210254534; 499401236; 84526230; 0.0; unknown;
921; 1629623546.846554000; 556708351815101; 1210254534; 499401236; 84526230; 0.0; unknown;
923; 1629623548.851620000; 556708353815091; 1210254534; 499401236; 84526230; 0.0; unknown;
1034; 1629623659.844888000; 556708464815113; 1210254534; 499401233; 84526242; 0.0; unknown;
1035; 1629623660.844046000; 556708465814985; 1210254534; 499401233; 84526242; 0.0; unknown;
1036; 1629623661.842212000; 556708466815009; 1210254534; 499401233; 84526242; 0.0; unknown;
1037; 1629623662.840084000; 556708467815061; 1210254534; 499401233; 84526242; 0.0; unknown;
1038; 1629623663.848261000; 556708468814979; 1210254534; 499401233; 84526242; 0.0; unknown;
1039; 1629623664.849345000; 556708469815000; 1210254534; 499401233; 84526243; 0.0; unknown;
1040; 1629623665.854277000; 556708470815093; 1210254534; 499401233; 84526243; 0.0; unknown;
1052; 1629623677.849737000; 556708482815085; 1210254534; 499401232; 84526244; 0.0; unknown;
1053; 1629623678.849849000; 556708483815075; 1210254534; 499401232; 84526244; 0.0; unknown;
1054; 1629623679.848008000; 556708484815079; 1210254534; 499401232; 84526244; 0.0; unknown;
1055; 1629623680.850048000; 556708485815066; 1210254534; 499401232; 84526244; 0.0; unknown;
1056; 1629623681.845288000; 556708486815073; 1210254534; 499401232; 84526244; 0.0; unknown;
1057; 1629623682.847354000; 556708487815059; 1210254534; 499401232; 84526245; 0.0; unknown;
1058; 1629623683.846495000; 556708488815068; 1210254534; 499401232; 84526245; 0.0; unknown;
1059; 1629623684.844657000; 556708489815126; 1210254534; 499401232; 84526245; 0.0; unknown;
1060; 1629623685.849649000; 556708490815113; 1210254534; 499401232; 84526245; 0.0; unknown;
1061; 1629623686.842976000; 556708491815091; 1210254534; 499401232; 84526245; 0.0; unknown;
1062; 1629623687.847961000; 556708492815098; 1210254534; 499401232; 84526245; 0.0; unknown;
1063; 1629623688.846108000; 556708493815090; 1210254534; 499401232; 84526245; 0.0; unknown;
1064; 1629623689.856952000; 556708494815101; 1210254534; 499401232; 84526246; 0.0; unknown;
1065; 1629623690.848293000; 556708495815090; 1210254534; 499401232; 84526246; 0.0; unknown;
1066; 1629623691.848376000; 556708496815101; 1210254534; 499401232; 84526246; 0.0; unknown;
1067; 1629623692.844559000; 556708497815096; 1210254534; 499401232; 84526246; 0.0; unknown;
1068; 1629623693.840767000; 556708498815075; 1210254534; 499401232; 84526246; 0.0; unknown;
1069; 1629623694.856477000; 556708499815104; 1210254534; 499401232; 84526246; 0.0; unknown;
1070; 1629623695.847789000; 556708500815079; 1210254534; 499401232; 84526246; 0.0; unknown;
1071; 1629623696.847869000; 556708501815096; 1210254534; 499401232; 84526245; 0.0; unknown;
1072; 1629623697.846035000; 556708502815104; 1210254534; 499401232; 84526245; 0.0; unknown;
1073; 1629623698.851958000; 556708503815095; 1210254534; 499401231; 84526245; 0.0; unknown;
1074; 1629623699.849140000; 556708504815097; 1210254534; 499401231; 84526245; 0.0; unknown;
1075; 1629623700.847293000; 556708505815100; 1210254534; 499401231; 84526245; 0.0; unknown;
1076; 1629623701.850316000; 556708506815098; 1210254534; 499401231; 84526245; 0.0; unknown;
1077; 1629623702.849469000; 556708507815101; 1210254534; 499401231; 84526244; 0.0; unknown;
1078; 1629623703.847602000; 556708508815098; 1210254534; 499401231; 84526244; 0.0; unknown;
1079; 1629623704.855527000; 556708509815138; 1210254534; 499401231; 84526244; 0.0; unknown;
1080; 1629623705.852713000; 556708510815108; 1210254534; 499401231; 84526244; 0.0; unknown;
1081; 1629623706.848908000; 556708511815076; 1210254534; 499401230; 84526244; 0.0; unknown;
1082; 1629623707.851912000; 556708512815106; 1210254534; 499401230; 84526244; 0.0; unknown;
1083; 1629623708.851062000; 556708513815101; 1210254534; 499401230; 84526244; 0.0; unknown;
1084; 1629623709.849214000; 556708514815100; 1210254534; 499401230; 84526244; 0.0; unknown;
1085; 1629623710.847364000; 556708515815087; 1210254534; 499401230; 84526244; 0.0; unknown;
1086; 1629623711.843565000; 556708516815089; 1210254534; 499401230; 84526243; 0.0; unknown;
1087; 1629623712.846567000; 556708517815081; 1210254534; 499401230; 84526243; 0.0; unknown;
1088; 1629623713.845729000; 556708518815167; 1210254534; 499401230; 84526243; 0.0; unknown;
1089; 1629623714.844849000; 556708519815085; 1210254534; 499401230; 84526243; 0.0; unknown;
1090; 1629623715.849816000; 556708520815086; 1210254534; 499401230; 84526243; 0.0; unknown;
1091; 1629623716.848978000; 556708521815103; 1210254534; 499401230; 84526242; 0.0; unknown;
1092; 1629623717.846162000; 556708522815088; 1210254534; 499401230; 84526243; 0.0; unknown;
1093; 1629623718.851130000; 556708523815089; 1210254534; 499401230; 84526242; 0.0; unknown;
1094; 1629623719.847365000; 556708524815129; 1210254534; 499401230; 84526242; 0.0; unknown;
1095; 1629623720.854276000; 556708525815104; 1210254534; 499401230; 84526242; 0.0; unknown;
1096; 1629623721.845616000; 556708526815098; 1210254534; 499401230; 84526242; 0.0; unknown;
1097; 1629623722.854487000; 556708527815114; 1210254534; 499401230; 84526241; 0.0; unknown;
1098; 1629623723.845810000; 556708528815108; 1210254534; 499401230; 84526241; 0.0; unknown;
1099; 1629623724.847874000; 556708529815088; 1210254534; 499401230; 84526241; 0.0; unknown;
1100; 1629623725.845021000; 556708530815096; 1210254534; 499401230; 84526241; 0.0; unknown;
1101; 1629623726.847059000; 556708531815085; 1210254534; 499401230; 84526240; 0.0; unknown;
1102; 1629623727.845231000; 556708532815090; 1210254534; 499401230; 84526240; 0.0; unknown;
1103; 1629623728.847251000; 556708533815103; 1210254534; 499401230; 84526240; 0.0; unknown;
1104; 1629623729.848347000; 556708534815103; 1210254534; 499401230; 84526240; 0.0; unknown;
1105; 1629623730.848474000; 556708535815075; 1210254534; 499401230; 84526240; 0.0; unknown;
1106; 1629623731.846596000; 556708536815087; 1210254534; 499401230; 84526240; 0.0; unknown;
1107; 1629623732.857428000; 556708537815098; 1210254534; 499401230; 84526239; 0.0; unknown;
1108; 1629623733.848759000; 556708538815102; 1210254534; 499401230; 84526239; 0.0; unknown;
1109; 1629623734.844952000; 556708539815098; 1210254534; 499401230; 84526239; 0.0; unknown;
1110; 1629623735.849902000; 556708540815097; 1210254534; 499401230; 84526239; 0.0; unknown;
1111; 1629623736.846112000; 556708541815098; 1210254534; 499401230; 84526239; 0.0; unknown;
1112; 1629623737.852071000; 556708542815079; 1210254534; 499401230; 84526239; 0.0; unknown;
1113; 1629623738.848271000; 556708543815107; 1210254534; 499401230; 84526238; 0.0; unknown;
1114; 1629623739.846445000; 556708544815103; 1210254534; 499401230; 84526238; 0.0; unknown;
1115; 1629623740.853376000; 556708545815101; 1210254534; 499401230; 84526238; 0.0; unknown;
1116; 1629623741.847629000; 556708546815100; 1210254534; 499401230; 84526238; 0.0; unknown;
1117; 1629623742.846754000; 556708547815106; 1210254534; 499401230; 84526238; 0.0; unknown;
1118; 1629623743.845864000; 556708548815085; 1210254534; 499401230; 84526238; 0.0; unknown;
1119; 1629623744.844017000; 556708549815075; 1210254534; 499401230; 84526237; 0.0; unknown;
1120; 1629623745.845126000; 556708550815070; 1210254534; 499401231; 84526237; 0.0; unknown;
1121; 1629623746.850087000; 556708551815082; 1210254534; 499401231; 84526237; 0.0; unknown;
1122; 1629623747.844361000; 556708552815062; 1210254534; 499401230; 84526237; 0.0; unknown;
1123; 1629623748.842494000; 556708553815071; 1210254534; 499401230; 84526237; 0.0; unknown;
1124; 1629623749.854327000; 556708554815097; 1210254534; 499401230; 84526236; 0.0; unknown;
1125; 1629623750.849570000; 556708555815086; 1210254534; 499401230; 84526236; 0.0; unknown;
1126; 1629623751.852557000; 556708556815103; 1210254534; 499401230; 84526236; 0.0; unknown;
1140; 1629623765.850188000; 556708570815110; 1210254534; 499401230; 84526235; 0.0; unknown;
1141; 1629623766.848350000; 556708571814994; 1210254534; 499401230; 84526235; 0.0; unknown;
1142; 1629623767.842577000; 556708572815075; 1210254534; 499401230; 84526236; 0.0; unknown;
1143; 1629623768.847551000; 556708573815105; 1210254534; 499401231; 84526236; 0.0; unknown;
1144; 1629623769.855488000; 556708574814993; 1210254534; 499401231; 84526236; 0.0; unknown;
1145; 1629623770.842913000; 556708575815103; 1210254534; 499401231; 84526235; 0.0; unknown;
1146; 1629623771.846905000; 556708576815106; 1210254534; 499401231; 84526235; 0.0; unknown;
1147; 1629623772.845084000; 556708577815021; 1210254534; 499401231; 84526235; 0.0; unknown;
1148; 1629623773.852996000; 556708578815103; 1210254534; 499401231; 84526235; 0.0; unknown;
1149; 1629623774.848232000; 556708579815106; 1210254534; 499401231; 84526235; 0.0; unknown;
1150; 1629623775.848357000; 556708580815003; 1210254534; 499401231; 84526235; 0.0; unknown;
1151; 1629623776.848474000; 556708581815088; 1210254534; 499401231; 84526235; 0.0; unknown;
1152; 1629623777.842375000; 556708582815083; 1210254534; 499401231; 84526235; 0.0; unknown;
1153; 1629623778.848675000; 556708583814964; 1210254534; 499401231; 84526235; 0.0; unknown;
1155; 1629623780.848870000; 556708585815076; 1210254534; 499401231; 84526234; 0.0; unknown;
1221; 1629623846.844515000; 556708651815111; 1210254534; 499401226; 84526224; 0.0; unknown;
1222; 1629623847.847539000; 556708652815110; 1210254534; 499401225; 84526224; 0.0; unknown;
1223; 1629623848.848623000; 556708653815122; 1210254534; 499401225; 84526224; 0.0; unknown;
1224; 1629623849.842900000; 556708654814953; 1210254534; 499401225; 84526223; 0.0; unknown;
1225; 1629623850.846887000; 556708655815079; 1210254534; 499401224; 84526223; 0.0; unknown;
1226; 1629623851.846008000; 556708656815094; 1210254534; 499401224; 84526223; 0.0; unknown;
1227; 1629623852.852956000; 556708657814958; 1210254534; 499401224; 84526222; 0.0; unknown;
1228; 1629623853.845265000; 556708658815093; 1210254534; 499401223; 84526222; 0.0; unknown;
1229; 1629623854.845369000; 556708659815097; 1210254534; 499401223; 84526222; 0.0; unknown;
1230; 1629623855.841581000; 556708660814963; 1210254534; 499401222; 84526221; 0.0; unknown;
1231; 1629623856.851464000; 556708661815092; 1210254534; 499401222; 84526221; 0.0; unknown;
1232; 1629623857.849624000; 556708662815121; 1210254534; 499401222; 84526221; 0.0; unknown;
1233; 1629623858.846786000; 556708663814960; 1210254534; 499401222; 84526221; 0.0; unknown;
1234; 1629623859.855706000; 556708664815109; 1210254534; 499401221; 84526220; 0.0; unknown;
1235; 1629623860.845046000; 556708665815097; 1210254534; 499401221; 84526220; 0.0; unknown;
1236; 1629623861.843215000; 556708666814959; 1210254534; 499401221; 84526220; 0.0; unknown;
1237; 1629623862.849189000; 556708667815092; 1210254534; 499401220; 84526220; 0.0; unknown;
1238; 1629623863.844417000; 556708668815104; 1210254534; 499401220; 84526219; 0.0; unknown;
1239; 1629623864.845496000; 556708669815622; 1210254534; 499401220; 84526219; 0.0; unknown;
1263; 1629623888.851032000; 556708693815079; 1210254534; 499401214; 84526214; 0.0; unknown;
1264; 1629623889.847235000; 556708694815081; 1210254534; 499401214; 84526214; 0.0; unknown;
1272; 1629623897.855933000; 556708702814941; 1210254534; 499401212; 84526213; 0.0; unknown;
1273; 1629623898.857019000; 556708703815088; 1210254534; 499401212; 84526213; 0.0; unknown;
1274; 1629623899.858089000; 556708704815088; 1210254534; 499401212; 84526213; 0.0; unknown;
1275; 1629623900.856256000; 556708705815116; 1210254534; 499401211; 84526212; 0.0; unknown;
1276; 1629623901.857329000; 556708706815076; 1210254534; 499401211; 84526212; 0.0; unknown;
1277; 1629623902.845744000; 556708707815077; 1210254534; 499401211; 84526212; 0.0; unknown;
1278; 1629623903.844898000; 556708708815075; 1210254534; 499401211; 84526212; 0.0; unknown;
1279; 1629623904.845969000; 556708709814983; 1210254534; 499401210; 84526212; 0.0; unknown;
1280; 1629623905.844109000; 556708710815081; 1210254534; 499401210; 84526211; 0.0; unknown;
1281; 1629623906.845868000; 556708711815074; 1210254534; 499401210; 84526211; 0.0; unknown;
1282; 1629623907.845341000; 556708712814966; 1210254534; 499401210; 84526211; 0.0; unknown;
1283; 1629623908.858137000; 556708713815134; 1210254534; 499401210; 84526211; 0.0; unknown;
1284; 1629623909.850415000; 556708714815105; 1210254534; 499401209; 84526210; 0.0; unknown;
1285; 1629623910.844665000; 556708715815079; 1210254534; 499401209; 84526210; 0.0; unknown;
1286; 1629623911.851617000; 556708716815077; 1210254534; 499401209; 84526210; 0.0; unknown;
1287; 1629623912.841927000; 556708717815068; 1210254534; 499401208; 84526210; 0.0; unknown;
1288; 1629623913.852793000; 556708718815098; 1210254534; 499401208; 84526209; 0.0; unknown;
1289; 1629623914.848044000; 556708719815084; 1210254534; 499401208; 84526209; 0.0; unknown;
1290; 1629623915.845203000; 556708720815076; 1210254534; 499401208; 84526209; 0.0; unknown;
1291; 1629623916.849209000; 556708721815082; 1210254534; 499401207; 84526208; 0.0; unknown;
1292; 1629623917.843480000; 556708722815074; 1210254534; 499401207; 84526208; 0.0; unknown;
1293; 1629623918.856275000; 556708723815065; 1210254534; 499401206; 84526208; 0.0; unknown;
1294; 1629623919.851526000; 556708724815085; 1210254534; 499401206; 84526208; 0.0; unknown;
1295; 1629623920.844787000; 556708725815066; 1210254534; 499401206; 84526207; 0.0; unknown;
1296; 1629623921.842936000; 556708726815081; 1210254534; 499401206; 84526207; 0.0; unknown;
1297; 1629623922.855748000; 556708727815064; 1210254534; 499401205; 84526207; 0.0; unknown;
1298; 1629623923.846099000; 556708728815071; 1210254534; 499401205; 84526206; 0.0; unknown;
1299; 1629623924.852070000; 556708729815088; 1210254534; 499401205; 84526206; 0.0; unknown;
1300; 1629623925.844035000; 556708730815112; 1210254534; 499401204; 84526206; 0.0; unknown;
1301; 1629623926.847396000; 556708731815081; 1210254534; 499401204; 84526206; 0.0; unknown;
1302; 1629623927.845230000; 556708732815072; 1210254534; 499401204; 84526205; 0.0; unknown;
1303; 1629623928.848568000; 556708733815110; 1210254534; 499401204; 84526205; 0.0; unknown;
1304; 1629623929.853602000; 556708734815073; 1210254534; 499401204; 84526205; 0.0; unknown;
1305; 1629623930.845891000; 556708735815064; 1210254534; 499401203; 84526205; 0.0; unknown;
1306; 1629623931.848892000; 556708736814918; 1210254534; 499401203; 84526204; 0.0; unknown;
1307; 1629623932.847070000; 556708737815080; 1210254534; 499401203; 84526204; 0.0; unknown;
1308; 1629623933.849120000; 556708738815087; 1210254534; 499401202; 84526204; 0.0; unknown;
1309; 1629623934.850198000; 556708739815081; 1210254534; 499401202; 84526203; 0.0; unknown;
1310; 1629623935.856164000; 556708740815075; 1210254534; 499401202; 84526203; 0.0; unknown;
1311; 1629623936.848466000; 556708741815084; 1210254534; 499401201; 84526203; 0.0; unknown;
1312; 1629623937.844644000; 556708742815068; 1210254534; 499401201; 84526203; 0.0; unknown;
1313; 1629623938.848674000; 556708743815081; 1210254534; 499401201; 84526203; 0.0; unknown;
1314; 1629623939.847779000; 556708744815094; 1210254534; 499401201; 84526203; 0.0; unknown;
1315; 1629623940.847909000; 556708745815095; 1210254534; 499401200; 84526202; 0.0; unknown;
1316; 1629623941.852904000; 556708746815059; 1210254534; 499401200; 84526202; 0.0; unknown;
1317; 1629623942.841938000; 556708747815138; 1210254534; 499401200; 84526202; 0.0; unknown;
1318; 1629623943.845003000; 556708748815082; 1210254534; 499401200; 84526202; 0.0; unknown;
1319; 1629623944.849321000; 556708749815131; 1210254534; 499401200; 84526202; 0.0; unknown;
1320; 1629623945.844218000; 556708750814961; 1210254534; 499401200; 84526202; 0.0; unknown;
1321; 1629623946.845651000; 556708751815103; 1210254534; 499401199; 84526201; 0.0; unknown;
1322; 1629623947.849657000; 556708752815084; 1210254534; 499401199; 84526201; 0.0; unknown;
1323; 1629623948.841938000; 556708753815066; 1210254534; 499401199; 84526201; 0.0; unknown;
1324; 1629623949.844970000; 556708754815088; 1210254534; 499401198; 84526201; 0.0; unknown;
1325; 1629623950.844126000; 556708755815071; 1210254534; 499401198; 84526201; 0.0; unknown;
1326; 1629623951.847168000; 556708756814967; 1210254534; 499401198; 84526201; 0.0; unknown;
1327; 1629623952.853099000; 556708757815070; 1210254534; 499401198; 84526201; 0.0; unknown;
1328; 1629623953.846413000; 556708758814931; 1210254534; 499401198; 84526201; 0.0; unknown;
1329; 1629623954.857233000; 556708759815093; 1210254534; 499401197; 84526200; 0.0; unknown;
1330; 1629623955.843666000; 556708760814948; 1210254534; 499401197; 84526200; 0.0; unknown;
1331; 1629623956.845721000; 556708761815079; 1210254534; 499401197; 84526200; 0.0; unknown;
1332; 1629623957.841961000; 556708762814952; 1210254534; 499401197; 84526200; 0.0; unknown;
1333; 1629623958.848878000; 556708763814942; 1210254534; 499401196; 84526200; 0.0; unknown;
1334; 1629623959.848992000; 556708764814954; 1210254534; 499401196; 84526200; 0.0; unknown;
1335; 1629623960.845201000; 556708765814963; 1210254534; 499401196; 84526200; 0.0; unknown;
1336; 1629623961.845300000; 556708766814969; 1210254534; 499401196; 84526200; 0.0; unknown;
1337; 1629623962.849309000; 556708767814971; 1210254534; 499401196; 84526200; 0.0; unknown;
1338; 1629623963.846521000; 556708768815099; 1210254534; 499401196; 84526200; 0.0; unknown;
1339; 1629623964.850507000; 556708769815107; 1210254534; 499401196; 84526200; 0.0; unknown;
1340; 1629623965.848690000; 556708770815093; 1210254534; 499401196; 84526200; 0.0; unknown;
1341; 1629623966.841934000; 556708771814956; 1210254534; 499401196; 84526200; 0.0; unknown;
1342; 1629623967.847911000; 556708772815102; 1210254534; 499401196; 84526200; 0.0; unknown;
1343; 1629623968.848004000; 556708773815112; 1210254534; 499401196; 84526200; 0.0; unknown;
1344; 1629623969.848130000; 556708774815104; 1210254534; 499401196; 84526200; 0.0; unknown;
1345; 1629623970.857007000; 556708775815118; 1210254534; 499401196; 84526200; 0.0; unknown;
1346; 1629623971.848352000; 556708776815099; 1210254534; 499401196; 84526200; 0.0; unknown;
1347; 1629623972.847467000; 556708777815106; 1210254534; 499401196; 84526200; 0.0; unknown;
1348; 1629623973.850489000; 556708778815105; 1210254534; 499401196; 84526200; 0.0; unknown;
1349; 1629623974.841822000; 556708779815103; 1210254534; 499401196; 84526201; 0.0; unknown;
1350; 1629623975.854623000; 556708780815095; 1210254534; 499401197; 84526201; 0.0; unknown;
1351; 1629623976.847912000; 556708781815099; 1210254534; 499401197; 84526201; 0.0; unknown;
1352; 1629623977.853858000; 556708782815101; 1210254534; 499401197; 84526201; 0.0; unknown;
1353; 1629623978.848133000; 556708783815105; 1210254534; 499401196; 84526201; 0.0; unknown;
1354; 1629623979.851142000; 556708784815112; 1210254534; 499401196; 84526201; 0.0; unknown;
1355; 1629623980.851278000; 556708785815095; 1210254534; 499401197; 84526201; 0.0; unknown;
1356; 1629623981.846485000; 556708786815080; 1210254534; 499401197; 84526201; 0.0; unknown;
1357; 1629623982.845614000; 556708787815086; 1210254534; 499401196; 84526201; 0.0; unknown;
1358; 1629623983.845756000; 556708788815097; 1210254534; 499401196; 84526201; 0.0; unknown;
1359; 1629623984.850731000; 556708789815082; 1210254534; 499401196; 84526201; 0.0; unknown;
1360; 1629623985.844992000; 556708790815079; 1210254534; 499401196; 84526201; 0.0; unknown;
1361; 1629623986.847025000; 556708791815067; 1210254534; 499401197; 84526202; 0.0; unknown;
1362; 1629623987.853976000; 556708792815090; 1210254534; 499401197; 84526202; 0.0; unknown;
1363; 1629623988.849229000; 556708793815082; 1210254534; 499401197; 84526202; 0.0; unknown;
1364; 1629623989.846389000; 556708794815106; 1210254534; 499401197; 84526202; 0.0; unknown;
1365; 1629623990.844546000; 556708795815097; 1210254534; 499401197; 84526202; 0.0; unknown;
1366; 1629623991.857370000; 556708796815093; 1210254534; 499401197; 84526202; 0.0; unknown;
1367; 1629623992.848673000; 556708797815087; 1210254534; 499401197; 84526202; 0.0; unknown;
1368; 1629623993.849776000; 556708798815088; 1210254534; 499401197; 84526202; 0.0; unknown;
1369; 1629623994.854740000; 556708799815104; 1210254534; 499401197; 84526202; 0.0; unknown;
1370; 1629623995.848044000; 556708800815130; 1210254534; 499401197; 84526202; 0.0; unknown;
1371; 1629623996.852041000; 556708801815096; 1210254534; 499401197; 84526202; 0.0; unknown;
1372; 1629623997.852165000; 556708802815095; 1210254534; 499401197; 84526202; 0.0; unknown;
1373; 1629623998.845444000; 556708803815092; 1210254534; 499401197; 84526202; 0.0; unknown;
1374; 1629623999.846520000; 556708804815092; 1210254534; 499401197; 84526202; 0.0; unknown;
1375; 1629624000.858332000; 556708805815102; 1210254534; 499401197; 84526202; 0.0; unknown;
1376; 1629624001.845750000; 556708806815088; 1210254534; 499401197; 84526202; 0.0; unknown;
